0.0613551939434511
0.0610050375198492
0.0596494718088625
0.0583320876262684
0.0578406195047082
0.0557489522725862
0.0518692846307414
0.0542402466852838
0.0567982004191498
0.0553048565325706
0.0521745495452567
0.052420695525886
0.0552760171217886
0.0575677787778015
0.054802709501405
0.0522603734345915
0.0548837455671021
0.0558264724000725
0.0595106854618557
0.0613865412199039
0.0627359448093485
0.0671461209306672
0.0800256718249167
0.0969014228785122
0.0996592925753133
0.107472933150689
0.0981216260391807
0.0731952554075587
0.061180804980579
0.0601746144717721
0.0588382154173589
0.0580376680469875
0.0567810532261246
0.0579637870878391
0.0601642660862075
0.061471474889251
0.0618317810452451
0.0620384396295545
0.062069653177909
0.0620438376498923
0.0609334318499981
0.0605516200430173
0.0577977184621309
0.0533912739101005
0.0514754874636623
0.0478151449762418
0.0417242338962623
0.0428352668803759
0.0485269990525714
0.0424859575340162
0.0402619392256317
0.039535228592931
0.0413202730077866
0.046915004373304
0.0445658496862136
0.045115305783217
0.0460011139828475
0.0479934465309173
0.0526240826655981
0.0605545985791997
0.0618650105941907
0.0657332852727158
0.085390282769466
0.126620619046987
0.152635223749913
0.169140490385769
0.133778104193396
0.0989402563535678
0.052588934624115
0.0463025388855676
0.0433837967210186
0.0471433620729493
0.0448382478555459
0.0517119707545603
0.0628969722271833
0.0627394545592785
0.062255746614634
0.062538611586311
0.0623886749019343
0.0620813472342186
0.0600374067725884
0.0600690196604885
0.0546297385349455
0.0450125279461425
0.0426618114658809
0.0391468962855842
0.0311152274599799
0.0252351989616795
0.0277282335012095
0.0273671341342644
0.0240092268023002
0.0244420361946888
0.0306315464697164
0.0516087230094577
0.0731031387741174
0.0604516227417944
0.0415486199503097
0.0361946504642942
0.0505172669023887
0.0581998299117513
0.0614481553499502
0.0697669490340156
0.0955347369491699
0.158493397387185
0.201924040283028
0.20944860282976
0.158100172493266
0.102454483028739
0.0323328671198993
0.0268127323395243
0.0243138961155463
0.0231040824975765
0.0259558274257872
0.0564910191531615
0.0677174630537508
0.0658943872689549
0.0659414423586084
0.0649539600882675
0.0627450251672011
0.0622333021922017
0.0582745007232824
0.0577879544238325
0.0514853656832404
0.0492123194728466
0.052115281266221
0.0385279645264937
0.027289907887661
0.0176798273191039
0.0129448284574175
0.0110091742867565
0.0120668063438298
0.0161823101553704
0.0325975054557824
0.0702066473253233
0.108920995865381
0.0985753692731115
0.0578901433743318
0.0293090136140454
0.0329857607204665
0.0466764403062054
0.0510440856668852
0.0890131621285638
0.159960851405989
0.194342937224464
0.201768589683835
0.13697813949754
0.10145180049027
0.0513281671441903
0.0458039490956281
0.0821376499391331
0.0733953102687977
0.0204388530457523
0.0148019113118084
0.0345003257544822
0.0915875068766011
0.101756429652218
0.0939156845131708
0.0753147202699511
0.0650490447889707
0.0645056168946548
0.0577561460592197
0.0565327704495677
0.0559293752546092
0.0612062191168358
0.0804737298569788
0.0692790500055233
0.0430255396393469
0.0241491599319508
0.00825248303863496
0.00447624868060327
0.00452718886221556
0.0106971038340289
0.0231777361380219
0.0542576874635866
0.0835548970028521
0.0800284052626556
0.0511613668905561
0.0171288260037248
0.0167966165645141
0.0265924146385605
0.0300902222836912
0.0551859949434623
0.101780718864254
0.100309210179247
0.0929017378103581
0.048105820534741
0.0330259339905503
0.0896283751520871
0.163978383427057
0.129545561922729
0.075223113451374
0.0331421919127792
0.0104405256871088
0.0130743587838322
0.0544315099412433
0.114901932317289
0.132454426198478
0.0996856388271105
0.0871908537764598
0.0661079782484489
0.057524345519129
0.0573408797247768
0.0620101057185022
0.0839054109849599
0.103056440760592
0.0934334129601918
0.0629700251859209
0.0163698174835577
0.00331029840092394
0.00181538490894865
0.00171721910206497
0.0038864572591812
0.00955569496524135
0.0286415641584331
0.0399297580869806
0.035777873013688
0.0160019855958052
0.0058704179186403
0.00826304949773192
0.0178504629334394
0.020055996675623
0.0237902285536722
0.0713054469144115
0.0549831270667052
0.027902337168821
0.0144972780996325
0.0937487921734872
0.227765162316844
0.179579382175411
0.0979768380837512
0.0582076672293198
0.023629800753009
0.00569552237658561
0.00588821984893136
0.0156552036483076
0.0596016822819735
0.119355092593005
0.121388270414843
0.103067700490462
0.0705041966569847
0.0618709768137822
0.0633152801917357
0.0655379125440274
0.0776538654917468
0.0811541452529622
0.0765249844793847
0.0435245957013893
0.013750712311248
0.00193841730557753
0.000980388460657048
0.0012456171061247
0.00209463371519029
0.00857578079854907
0.0195126486021765
0.0244537089657508
0.011116294973679
0.0039712065762527
0.00202954393463686
0.0044188964392957
0.015756284409372
0.0167524037031321
0.0190737410984834
0.0290654729318303
0.0441023593660482
0.017989498097337
0.0159100765082702
0.167137150500805
0.20616409419057
0.108528805706083
0.0565467146801733
0.024618039624384
0.00883714205088977
0.00199055771183408
0.00173150950302579
0.00817263946075553
0.0290244959552235
0.0892819903531209
0.110337830985547
0.107834385399485
0.0833633816216809
0.0657046816310741
0.0653645415659185
0.0654994076291091
0.0613485467295807
0.0420225428034661
0.0246214071064175
0.0117186678571851
0.00322262525342318
0.00178439467531231
0.000830404913763925
0.00168145824759471
0.00282875992336408
0.0422604296451386
0.151847323269676
0.0922568557196757
0.0195614256117543
0.00163199207921245
0.00146039687441447
0.00278788429947884
0.00715175480755158
0.0100795751016278
0.0105899411158598
0.015457617563631
0.0280210387433799
0.0388896718748854
0.00952948313346335
0.0488466978832752
0.110448898628035
0.112674966480746
0.0725702989086187
0.0211310074084844
0.00935256100454938
0.00488237609261907
0.00161567404497941
0.00350234187303354
0.0154788672830443
0.0483942292508951
0.103394610540517
0.103018849265465
0.0779412062629894
0.0700591961154284
0.0742732220751021
0.0829906682331879
0.0883787592977066
0.0411822268319359
0.0124929925162703
0.00389741995731433
0.00220811288453558
0.00232508916054861
0.00251252614520229
0.00181325381395815
0.00377593256558455
0.0710001433722835
0.335679698358223
0.129758689844321
0.0236132569300882
0.00167836623465193
0.00102385169328251
0.00251029742649242
0.00831551201072977
0.00874598656009047
0.00617835129698281
0.00401697113670747
0.0219531800671058
0.615675094535873
0.0350609530056673
0.0495984140399336
0.108918116832918
0.0957405370453746
0.0633774404843189
0.033671286951936
0.0549886035674592
0.0575960984729712
0.016777790624293
0.00386667120639069
0.00846091659607242
0.0409767603249754
0.0777964089547808
0.0851693765863468
0.0761293220824212
0.0751258342231784
0.0858336000874747
0.103218316018212
0.110186936619935
0.0592601637694945
0.0185262997326762
0.0159675732043939
0.013670121648255
0.0154474234047008
0.0124807039532703
0.00813876672852449
0.00202879958177567
0.0116346933931616
0.0761979860444328
0.0211539488954046
0.00627648026966147
0.00154063671430311
0.00249807753749959
0.00506098046081995
0.0110192847742649
0.0106607217850282
0.00286005401770366
0.00261764248968577
0.0531806289979287
0.20546760590894
0.0436568397692308
0.0480722014754463
0.0530936067721485
0.0502208148908368
0.0413908885441251
0.04019198918134
0.0844001940457778
0.151395592071202
0.0931143985491203
0.0175942210286126
0.00680714722242672
0.0253721917456999
0.0538389141519435
0.0676950509835493
0.0651863330635754
0.0714229608286024
0.0863704204986681
0.107238831100419
0.102837506768396
0.0628695201444812
0.0425240058581697
0.101613174869616
0.17635116432693
0.031482104970343
0.0242552873123168
0.0129646636322526
0.00203572379013732
0.00292118369191561
0.0053373752790512
0.00435020363875884
0.00434502900291859
0.00339017562376558
0.0037614593406075
0.00832937181073534
0.016421267011056
0.0110193085816148
0.000998093560874095
0.000421058820409009
0.00205359266160282
0.0247102157241802
0.0995474400530539
0.124931282505615
0.0556286127522539
0.0342296732255324
0.0331700228992262
0.0316814457912646
0.0684420724951925
0.166330283855619
0.111628019768247
0.00645772488052899
0.00929107153823768
0.0260221923061661
0.0533535799811604
0.0626003973589291
0.0633876179917341
0.0690274687303294
0.074920641558299
0.0889612376128847
0.0733853263430726
0.0456292760802082
0.0282962431217958
0.173043359207815
0.186780976570896
0.0449519842831996
0.0239956417639686
0.00788692052515242
0.00117798181154747
0.00145923780117086
0.00363087748294674
0.0029210086032628
0.00131409129098358
0.00128414631085201
0.00864196949973967
0.109227008222407
0.212493830548067
0.0325903316120305
0.00118226100520777
0.004729722612116
0.00337915944869133
0.0365953070211935
0.140746086710047
0.167014570639381
0.0743763674498849
0.0361740549420874
0.0222503852148026
0.0158520362201473
0.0369231920622544
0.0579148874514174
0.017400329009844
0.00339895151528472
0.0113886996443493
0.0332938812895622
0.0533569224477402
0.0592178223743709
0.0610266666199117
0.0628910928519009
0.0645848627222168
0.0571797908385845
0.0340108030298051
0.0146430405194027
0.00560399494266524
0.0354787149915148
0.0680434686542854
0.0285649631952541
0.0080945155791565
0.00310072820285823
0.0025382389895264
0.00122404615836031
0.00397594041775252
0.00640132602487839
0.0100543091473732
0.0027226859282382
0.0167378948712277
0.147905852338895
0.249538400014586
0.0555833880900701
0.00980535017284047
0.0827321317806227
0.0639506891204657
0.0301608241624976
0.159844425047559
0.209247008051872
0.135958636376677
0.0429229329586013
0.0161407087942988
0.0048873593698297
0.00648098523028933
0.00346512034712
0.000838793992269551
0.00316119844581434
0.0102756104312644
0.0272042006128183
0.0455784737110013
0.0550189154157893
0.0602753047215337
0.0601626084526127
0.0540931319137363
0.0422923340350422
0.0282785099314585
0.0122580306000129
0.00186705903484705
0.00563834364531656
0.00968736893466077
0.00544803072003005
0.0198102387893234
0.100318931383515
0.0468988602225552
0.02085321274572
0.0409439184191954
0.0725160831682688
0.104285013337548
0.0168787665838484
0.00655408393551242
0.0504636699821015
0.0792353856221191
0.00896945845149593
0.0573409846023526
0.187335664981692
0.129400314295462
0.0391601567728472
0.118695415607031
0.222132398336961
0.152171954497297
0.0266757527342012
0.0262542643784327
0.0154482820193846
0.00204475689318234
0.000359168835834975
0.000492381785318505
0.00250813785161281
0.0113357774456031
0.0351332780320594
0.0546259879989571
0.0583308325012286
0.0614393626114497
0.0594239667525609
0.050687153820574
0.0298125543864464
0.0120765305270306
0.00441351299748369
0.00191372236743304
0.000936368737058286
0.000352200264324967
0.000878267294961965
0.0842453744842134
0.329585032477416
0.136121681549115
0.0631753301990944
0.0997320888771204
0.161689311046238
0.21372134998829
0.0517452968694235
0.00109990134786726
0.00822956166623653
0.0119778177881582
0.00292163636073054
0.0401919289471874
0.118870505978913
0.164682840671305
0.0268919139777333
0.0197083724843579
0.0392185170836285
0.0273382002740916
0.0920763475658113
0.330550606763251
0.266947686782424
0.00721948319552175
0.000539602072235525
0.000978267365066153
0.00255583180703617
0.0181081170862394
0.0451283309598263
0.0587292196495925
0.0613326258911317
0.0617805065439919
0.058710231223416
0.0515004728357199
0.0374119008574932
0.0147788122966268
0.0234131204741282
0.042541924405871
0.0232949475873622
0.00191978479501268
0.00477320038986974
0.106467421883542
0.2498352696039
0.143622540769428
0.116287726573016
0.186084282371728
0.243634867818135
0.341951147620544
0.042915957017175
0.000397608447974625
0.000491226990044043
0.000702346279123483
0.000567845231640714
0.00437906877889809
0.0234469900630297
0.0421945831594708
0.00349784177013085
0.000303370748988643
0.000469731735287521
0.00164313551931708
0.0451423951027986
0.202821623459335
0.0417983412038516
0.00616366813241382
0.00276106946129576
0.00517219109070976
0.0130850090107393
0.0264660945222326
0.0520827308559052
0.0605451240907895
0.0619833144923103
0.0620518269558874
0.0580858291319695
0.0506050580194199
0.0355388869352616
0.0169570098341661
0.0813080032009493
0.210418947389685
0.147541407232032
0.0214202366628418
0.0082214941783695
0.282750620353342
0.302786230550404
0.169774654331931
0.193138379995749
0.295940258818673
0.235268298486968
0.15190906321268
0.0103486141769481
0.000265213073354306
0.000271174457983771
0.000324628077792468
0.000195084652020977
0.000126142083850533
0.000303504685586475
0.000981328652556233
0.000222872165543308
0.000226573131767297
0.000841820394081099
0.00103750225047822
0.0537953467974609
0.208700629056956
0.103081100228495
0.0441189893430278
0.0209230429100746
0.0278893775480145
0.0758889473416214
0.0705944772809196
0.0809875114462035
0.0683739863756963
0.0642884559664598
0.0625035516936949
0.0576055765944675
0.0468560782060913
0.0292798798355393
0.01604426393803
0.0559208465924878
0.151964447283901
0.129159432528781
0.0314709531935321
0.00404064482107842
0.192277746774184
0.376764627074915
0.188736291070671
0.237182099107942
0.416451042224189
0.174170679110668
0.0435691676245691
0.00333258099150514
0.000265983383869073
0.000679523890226088
0.000847461520016546
0.000738853444504595
0.000287213704833128
0.000266482149501466
0.000304596152537721
0.000275489035866664
0.0010697946661723
0.000778443107574191
0.00166603752799895
0.0417920119581174
0.354660803920761
0.104129098676762
0.115052764089168
0.130156308423161
0.0566776767585574
0.0960733383012384
0.184129682305946
0.187448615472308
0.109543448315645
0.0715265706410482
0.0645173737891148
0.0569648644816608
0.0442991556401176
0.0241078016779156
0.0114870100361185
0.0144939060260077
0.0334674985797511
0.021402638760694
0.00648421719877809
0.00895846477303244
0.103018974510872
0.102295238546081
0.061833185893691
0.217139484015911
0.239681877335822
0.0699240852102652
0.00739804543661711
0.000696844026182137
0.000700363141035238
0.00154636295952962
0.00457907328792031
0.00397284978297081
0.00247226862114007
0.00138950134094626
0.00105715583025481
0.00126478742371491
0.00147366191838615
0.00268197835709316
0.00264037574845437
0.0202447766831748
0.0679426579594875
0.130285811223765
0.12776602308668
0.101978549940938
0.0561719219717789
0.0635742200679291
0.140898345968964
0.200820367884251
0.132923728619118
0.0832525522281086
0.0650872525036511
0.0597008261596418
0.051154313409651
0.0302381498258761
0.0103586330786822
0.00769469055933944
0.00519374893588698
0.00317959057171166
0.00182038522583813
0.0223680475869287
0.331370572249659
0.254187546263849
0.0389179555287852
0.00970368313146199
0.0172493013667221
0.00410687441181089
0.000359932724644418
0.00180184527858686
0.012638546594877
0.0441231106516567
0.0609081299190414
0.0159406989178025
0.00821597096131069
0.00843027897628132
0.00333746346720055
0.00300759193756983
0.00415555413765206
0.00484727163114118
0.00490658054718174
0.00528052628486158
0.0325043926252904
0.0861912346463318
0.10606765489621
0.0618820751490929
0.0234100489654725
0.0436275152227519
0.0704479792586191
0.127333405768611
0.128991273562772
0.0894201096943826
0.0657423345875237
0.0662978347965991
0.0560299648461018
0.0338267965416015
0.019340504104308
0.0476132293434767
0.0416305347389805
0.0291502423140545
0.0211032448130361
0.00806593548644392
0.0999488509660186
0.0834852182249582
0.00879142515014185
0.000131609551280413
6.74428272184952e-05
5.5246605303531e-05
0.000159452802322582
0.0100749190819517
0.0712522472794363
0.13321602093337
0.151753074234674
0.0437248668928389
0.011788257300174
0.0142143301054074
0.00498548129404575
0.00466380123737107
0.00388913095814621
0.00401032687541478
0.00299692851563609
0.0427691558636076
0.136810559657549
0.10385395754684
0.0836795521142724
0.0406484581698038
0.0196513556201251
0.012363156243261
0.0199577331855542
0.0569025065772895
0.0867986852087657
0.0774289857223181
0.065138707010482
0.076953855908045
0.0589848188114242
0.0345873659362966
0.0465267373172298
0.157387848323743
0.191804681178284
0.12800621278048
0.104924697635507
0.0257456890305987
0.00644275206219805
0.00424485550010183
0.000511320622410096
2.29051812425514e-05
3.95812288918433e-05
0.000115749201792006
0.000255238906642641
0.0113316725427946
0.0731935404870435
0.138798922426357
0.144774547820434
0.0240099372016107
0.0083956428841893
0.00614488521183211
0.00424675509409557
0.00321834629230816
0.00138356344674535
0.000940699566146457
0.00881555380861413
0.0829846064785455
0.282479328988233
0.232266738279167
0.130387195843522
0.0614936003746617
0.0309483749069079
0.0139822550637367
0.00813948688136999
0.0260348852720305
0.0548553816203022
0.0671415401549362
0.0631710754424621
0.0874532413392915
0.0750901362118067
0.0541042757849284
0.0660640230827783
0.233711195949678
0.331066491140628
0.253585467228841
0.148026885807368
0.0491355801772526
0.0113162612063481
0.000588103989807407
3.91857346124835e-05
5.23051447065348e-05
0.00018341886753074
0.000926640164178675
0.00409811427234611
0.0187992758495495
0.0394710173693466
0.045704074459999
0.0478232631130323
0.00828173277166976
0.00940066751727682
0.00375426563935733
0.00137054567520657
0.000629349102381538
0.000259243126125316
0.000211342111888174
0.0049741661276088
0.0538400824675235
0.200519181243965
0.31588245319515
0.172276608903398
0.0759531742400762
0.028839081409101
0.00898388290232341
0.00402270139414236
0.0192727377882943
0.0449954492305089
0.0543980103202537
0.0588693127742485
0.101076632089389
0.0931877137128995
0.0694723620838251
0.0588791801040436
0.189155877445436
0.277319217472532
0.235860384955987
0.0976807928906248
0.0355731654044281
0.0123003694588707
0.00143507281315801
5.66731555795478e-05
0.000184053906812922
0.00191897097695909
0.00525689474342288
0.00967513127847691
0.0748036666527002
0.114072551609295
0.103155074248657
0.0119576404562503
0.00317405739906175
0.00236588311438421
0.00341192218273384
0.00100100773371386
0.000447155773335255
0.0021340159065025
0.00330067143800663
0.00183612489677278
0.0134882451812746
0.135169302287611
0.264859733830238
0.169963617782112
0.0751001985552415
0.0227006053367491
0.00280425125241879
0.002106123012761
0.00899818215611322
0.0256662523828178
0.0419494037574372
0.0541829220026316
0.10182280815566
0.106227968989062
0.098974358912569
0.0727100780761554
0.121488745652039
0.208840838880509
0.219204402022478
0.139072980767155
0.0788955145654112
0.0147509453345269
0.0010736987708067
0.000163433400557299
0.00050070407996234
0.00495775756067834
0.0196461145272822
0.0390246092757041
0.0448113401429014
0.111233755622683
0.134517894661337
0.0382381304556468
0.000994941896858523
0.000607877491995534
0.000738998251581116
0.000532280281502004
0.00527853494497388
0.0445165114373876
0.0718856615569398
0.0271141585155684
0.00580985185182853
0.0362673953929994
0.0727870034295946
0.0404911591193749
0.0139364838410239
0.00203154785616868
0.00049398131422857
0.00265366709426373
0.0148044673362055
0.0339560989984176
0.0471586551918007
0.0558827800367287
0.106006213337625
0.134190552142174
0.132091823563901
0.0898376273258583
0.114218214502166
0.270030923471818
0.357369493678009
0.299849966738226
0.232955503525131
0.0553906543839847
0.00123484635994705
0.00111472035062818
0.00206788566676892
0.0062460456764035
0.0331326558581522
0.0753412734675242
0.106968965245897
0.0973053611249114
0.0704751852373146
0.0171702379408096
0.000792725544320305
0.000234697348535115
0.000363514562164975
0.000263755421336454
0.0114992946587334
0.0732352275024456
0.182101949188866
0.166742823084347
0.0265646083360923
0.00242481645671604
0.0122994437471579
0.0332365918376889
0.0347240972570229
0.0178549983339938
0.00229720651545426
0.00432634147561878
0.017819900450782
0.038572844873175
0.0531123974998835
0.0578558279215641
0.117715629186323
0.133596567766954
0.129485486223493
0.14240335870357
0.102058319841132
0.129448298504801
0.340747023551484
0.292368637403892
0.349208189420099
0.068240041954203
0.000862501252621842
0.00514427945772803
0.0240022649815313
0.0201757857865703
0.0247493369751275
0.145233002501768
0.233543396537443
0.125918451363212
0.0464587349247058
0.0065454345940505
0.000461033812166875
0.000469073336728935
0.000308801635673844
0.000246519662826746
0.00475666823018312
0.0393298112288248
0.115347740232855
0.130648621670379
0.0553147087929749
0.0650087121191613
0.10060988198199
0.13456883092242
0.207722637304353
0.106563907823361
0.0131662834170966
0.00551945393027311
0.0277109531470732
0.0476490820748812
0.0564514271597981
0.060097539705602
0.103992228424697
0.115114342486668
0.103909455756122
0.138361408561957
0.100830001900781
0.0437222025607123
0.0360925848030393
0.032118756417295
0.0147936010107808
0.00654295035913631
0.00254813339525535
0.0164195808038871
0.0545058743689246
0.038034035159849
0.0288875402365913
0.0569836149476814
0.117953621264777
0.0825162850930682
0.0112047299091894
0.00149364237603131
0.000757428862943026
0.000588329802137511
0.000484951117222252
0.000421483921458637
0.000875583761625115
0.00635910880054406
0.0208187082658374
0.0434483746230618
0.0925281264908528
0.174332108657242
0.218375352249803
0.228433891650545
0.435560256656379
0.271424221418087
0.0596455827573764
0.00852272397136174
0.0218149192668288
0.0446610898072895
0.05849489375008
0.0614337099940978
0.0796601862496192
0.084351603628767
0.0779472666219979
0.0617168143855537
0.0395365703383875
0.0206225164686746
0.00851629872547247
0.00392515232819187
0.00480887414031614
0.00312939137020281
0.0061577789541674
0.047699599437608
0.0421513711821838
0.0423703235427005
0.0273972821356053
0.02065968206675
0.0482880548840236
0.085146475207774
0.0211396552752456
0.00311216454297477
0.00221751040142365
0.00141286095293874
0.00109870030597378
0.000909648976278031
0.00112297679326049
0.00436417742929093
0.0172291347314778
0.0669094929985796
0.231088605565879
0.181966279774568
0.184229239415765
0.252773934526983
0.263869126306742
0.341655602102334
0.119773485911032
0.027539397481204
0.0188775137191547
0.0418944975853493
0.0582228948503448
0.0616719944999191
0.0667862842977281
0.0637020912888309
0.046462557381484
0.0410225850152758
0.0423370958725806
0.0515790626083852
0.050660443196885
0.0284878426468128
0.011876099920592
0.00765483391920939
0.00696258258136003
0.0394093543426598
0.0390693379722827
0.0558593869859805
0.0414025956847534
0.0247952784416684
0.0855410548905564
0.0904509281538321
0.035460270000202
0.0128335286727032
0.0147427639002086
0.0082832176864819
0.00398306141865172
0.04328441672597
0.0745051122950068
0.0595338789492625
0.10015012506097
0.103810914121744
0.141295236765671
0.102011069188029
0.11257410466248
0.0921510681250987
0.130085346818919
0.17787733191056
0.196033929143605
0.0392357416354643
0.0238209836595267
0.0406603764108766
0.0562594086447198
0.0606578663845515
0.0570452616106461
0.0499890452894541
0.0419981665608265
0.044583300050362
0.10217123414857
0.133112194521397
0.267594258935936
0.15789789775585
0.0356745360722046
0.00937359429705631
0.015614655281154
0.084948306546874
0.0957661867424348
0.0512449320438305
0.0304652413064454
0.0322265687135572
0.0638593198688401
0.273063921221035
0.124935738157401
0.0320283848157158
0.023270989153663
0.00844740690227358
0.0264836117810372
0.250282996378906
0.266333590005857
0.147327549944022
0.2076988379447
0.252152440434569
0.247562570523709
0.149152970352419
0.104133400570093
0.0774012034641221
0.0271015277168189
0.1185249120682
0.209016253895444
0.0340850950800689
0.0182513412902961
0.0369692018105122
0.0526679870848294
0.0577107785006346
0.0530726107645249
0.0429579164819561
0.0417609692535763
0.0466102742454146
0.0692066462221329
0.138915333859968
0.193226353203104
0.152298443691132
0.049832113685382
0.0200716269815221
0.0188377843840249
0.138214569968512
0.140957320854812
0.105421677739237
0.0220082445750257
0.0154257033667566
0.0731283207081571
0.223719080623199
0.0739251491830319
0.0192465627182326
0.0135268190124063
0.00832640985277909
0.0230432302675509
0.129676957782648
0.141888765099417
0.116300729828966
0.182309872520471
0.210987475849203
0.149262847376615
0.145775777331203
0.20723159305031
0.0568998243410662
0.0289117630566602
0.052375376914238
0.0737015902035331
0.0242405335974849
0.0155726897944955
0.0277881817181576
0.0429044760090606
0.0542968078892914
0.0488881522065799
0.0409647137520406
0.0330808956077382
0.0384359736622517
0.0478070713909774
0.069856026232369
0.084397482177724
0.0596400151916382
0.0257893124756355
0.010726815155702
0.0167232878115708
0.0825462781719613
0.0865695003978022
0.065263643708178
0.00498624311930417
0.00544003247806824
0.0189544111153288
0.0365777520584572
0.0202261848099213
0.0147803256109656
0.0375001696868392
0.0785794423127395
0.029361029886
0.0275511731184595
0.0342072069039752
0.0359148818572099
0.0519593881580628
0.0745851489952523
0.0739439970160262
0.109584083696325
0.128220301590372
0.0490373743559643
0.111370107620296
0.265898231401195
0.152418434245302
0.0700217947864516
0.0239740050855511
0.0242034393872898
0.0389156962195831
0.051322671767444
0.0416247366911882
0.0345512247851281
0.0284908686340379
0.0303808027022901
0.0330949276657601
0.0351991831669992
0.0387704243575513
0.0358830061405072
0.0236139846457966
0.0134562849413934
0.00732854424404819
0.0195875476367155
0.0302281286079931
0.00738833629922123
0.000582756632703641
0.00149395440689046
0.00719130541274245
0.00952872627259669
0.00925874531972896
0.0370466461143365
0.148543875502313
0.307327875413503
0.220087290951779
0.0837962393757218
0.0598744915434583
0.0161282515981526
0.0113697191131155
0.0205693912359689
0.0634409046431839
0.118477599567082
0.115588417518985
0.038430577951534
0.207936197886994
0.473259620543539
0.311040016972516
0.12304227617638
0.0299713772671022
0.0322030479096972
0.0471242152564815
0.0563070423766378
0.0395064012773571
0.031565585455823
0.0301898708476781
0.035962923947707
0.039127564547186
0.0408246051895114
0.0483220650366524
0.0392837596067612
0.0411390127001035
0.0207588720749659
0.0074510066214528
0.00488169604179438
0.00241048652627339
0.000770254047541883
0.000325671119879172
0.000478105799969308
0.00142610080135246
0.00188414604798129
0.00668531850030158
0.0724387933954073
0.284200418797633
0.461109746199874
0.427771745152758
0.298143448605653
0.22699070862581
0.0735299187759349
0.0510749867374631
0.0803836150975444
0.0571992913168323
0.100314708288986
0.0649573430787447
0.021383934302754
0.10353181970947
0.270066625648061
0.26823894328149
0.0874919806100396
0.0303741052192983
0.0422327611247095
0.0518454858474761
0.0590981480445131
0.0412394380071274
0.0358831502187645
0.0329886490095902
0.03464078831128
0.0422801317612478
0.0515814391728469
0.0730566136450809
0.0644935189107517
0.063069947575451
0.0274430223937499
0.015838631852494
0.00963432769177768
0.00372839343966749
0.00107751993319913
0.000801681801337823
0.00128080386121245
0.00169972683774423
0.00375789621683461
0.018059062083234
0.0948018308765402
0.255231806051986
0.261239651335079
0.239579374330102
0.306759650518226
0.337810510574467
0.183969093672195
0.197644454111448
0.262900142360784
0.0846946517352745
0.0279960195196501
0.0177048374493771
0.0183566469016491
0.0657913273070023
0.208120759064917
0.186815860040595
0.0556650304210389
0.0418209367031692
0.0502549061549068
0.0566938455943303
0.0602047651197282
0.0457800887392732
0.0404526128694555
0.0337826101483232
0.0339030773235349
0.03916580294722
0.0546319590463738
0.0826519508099076
0.071972727472869
0.057664400858304
0.0313703790709787
0.0308822784660347
0.0312203998207989
0.0113074901357981
0.00726066658737247
0.00437791575905847
0.0056518658242173
0.00695928476179331
0.0177183108196118
0.03899729711405
0.0838275330791707
0.161018875034376
0.197363051057963
0.17265206916023
0.230331000891568
0.247761235746384
0.183273175982195
0.162728675149099
0.129860106315631
0.0574773579924638
0.0365029474433375
0.0370779264236717
0.0586752103653621
0.084911492706191
0.108441720934825
0.0914477160369507
0.0608951602715565
0.05949590874786
0.0571143688962839
0.060955885017749
0.0614430145797073
0.0498848403929166
0.0428799333918184
0.0371058775754391
0.0354559496534509
0.035564141288872
0.0427106989087683
0.0542645917488267
0.0564690930892375
0.0463838628858711
0.0438737719832676
0.0491257380326606
0.0453719419433155
0.0378608421704928
0.0255292312911539
0.0205382358680465
0.021746419262319
0.0172718129883104
0.0328282243018237
0.0492878605810123
0.0758467943167085
0.118717248145032
0.13462422591776
0.124694516044259
0.135245909175409
0.1378408508217
0.10225229495543
0.0576825205728316
0.052981113142033
0.0557424164518848
0.0657644951542281
0.0658657701035307
0.0974282500592391
0.0925721910190499
0.0854797630241219
0.0757297293449691
0.0614792976728502
0.0608133834967396
0.0615045855325939
0.0617066579423451
0.0619305875209216
0.0538428849161277
0.0492240758717911
0.0450941393295914
0.0432486201506892
0.0409988243459162
0.0407962151972848
0.0426644688087206
0.0475321076484294
0.0488045972575628
0.0517413312307759
0.0562502781377661
0.0565967648314761
0.0522050540752928
0.0437109150627306
0.0444480545325945
0.0441145354149852
0.0324813668546346
0.0447304434082313
0.0523462924478361
0.065358781017448
0.0780537548895469
0.0731893732602763
0.0851079214992423
0.0842920418480155
0.0745293020130941
0.0602741468647683
0.0596664198188288
0.0589305570246897
0.0614091381366615
0.0661043823164951
0.0676849143674945
0.0772048376088268
0.0650189422826431
0.0629133493512225
0.0639843620064283
0.0622253638862608
0.0616733538000851
0.0618414217719543
0.0619842378208245
0.0619843014446327
0.0603252194708584
0.0572682048835887
0.0533640926565506
0.0517561854454717
0.0490923089877745
0.0472743188926614
0.0470806118012713
0.0529367826089618
0.0573504090770591
0.0582644766083312
0.0597554473953271
0.0599570632267172
0.0579703189243957
0.0568398015404438
0.0550932784259989
0.0499191161955236
0.0462916314307288
0.0511799392953524
0.0576272721750062
0.0613303767403176
0.0598608736419411
0.0631724679739267
0.0649106117629006
0.0626598572154198
0.0617582236675818
0.0612890050245687
0.0612194978425734
0.0614291263729192
0.0618692146871887
0.0625219398315817
0.062445939943624
0.0646839714400786
0.0629239832869011
0.061986761565375
0.0620386098232954
0.0619969608586485
0.0619825922782468
0.0619799005240628
0.0619893749095591
0.0619923746382377
