14.1032452601939 15.3065455146134
38.0957188270986 9.96033486910164
10.8757483959198 19.7274777013808
31.8684851098806 21.1424191761762
17.3563951067626 10.8331983722746
26.0918294452131 8.36874477565289
21.9197627250105 6.88597480766475
5.16037316061556 10.9201548621058
14.8445528838784 15.9445654135197
12.3573398124427 20.2120984904468
14.7301958035678 0.127697475254536
24.5187039300799 5.44775544665754
29.1859883349389 23.2016076426953
5.87424614466727 21.339458161965
23.122797710821 2.37218068912625
32.2065843362361 18.4756102692336
38.1872474402189 3.9610599912703
2.77434714138508 0.722109908238058
22.6173340622336 33.8687285222113
3.48441737703979 9.31201102212071
12.0349762868136 32.935023214668
31.0032026376575 9.5232508238405
5.12729826383293 7.7591251488775
24.4572927523404 18.2947801612318
33.8229023106396 27.5977110862732
31.1149211134762 22.7791284583509
36.1203744355589 18.7145188171417
30.5342265311629 3.83472277782857
3.62508400343358 11.6250215098262
24.3799549620599 3.7077110633254
8.29377883113921 34.5377559028566
4.01493612676859 7.58120539598167
3.72960888780653 25.8028580155224
3.64134008996189 9.20148737728596
7.82839060761034 10.2487565856427
6.36929421685636 24.6359741780907
39.3014123477042 37.3023304436356
10.6296216789633 14.3947184644639
2.34290558844805 17.1421369817108
23.8271845784038 14.2612878419459
5.38618702441454 4.32740871794521
19.4248867873102 19.5844626426697
27.9859008640051 25.507251964882
2.61251292191446 1.27541538327933
0.89082321152091 23.6867412086576
13.8733377400786 4.70032328739762
6.28431220538914 16.4435508381575
29.7974650375545 2.52151203341782
38.9164122473449 13.7656892742962
0.804577767848968 24.6924223285168
17.0591311622411 7.09339938126504
6.3015859387815 10.3421418741345
38.4613291826099 18.8755290769041
36.8017699103802 8.67811962030828
15.1567568909377 38.8853222969919
14.9159502144903 11.9362400937825
7.8809558134526 25.287325270474
37.8901334386319 29.848497249186
25.8479534555227 0.629122667014603
13.7375803105533 14.5555598009378
38.8109291251749 9.57523399963975
34.4976469688117 17.2271883767098
6.21973199769855 26.3984168507159
19.468906391412 5.96368826925755
12.062997603789 18.6893041711301
13.3271553181112 5.95067276619375
7.46385271660984 22.6280522346497
29.9454008601606 27.3256324231625
2.90051610209048 31.949991453439
0.183194996789097 2.95838407240808
18.8188721425831 6.98787155561149
10.7152550667524 6.938236951828
17.1934737917036 20.0305809173733
39.9463928397745 6.67942939326167
23.9287294168025 9.96408260427415
18.2569654285908 15.0815119966865
6.82625440880656 2.3209217749536
19.0548276714981 12.5124435033649
8.90886042267084 4.1030591353774
34.2051036469638 29.7436876222491
19.5854142587632 10.3634790331125
7.64010458253324 15.9521989431232
20.0593391805887 32.6857195608318
39.2356752045453 7.78693537227809
1.00687473081052 8.56956272386014
13.3228558395058 17.6182613242418
14.4048560410738 2.46145498938859
25.7838465552777 3.98080107755959
37.838393682614 9.51641070656478
15.7160183787346 16.8480340857059
18.3238467015326 5.40856442414224
1.07465708628297 20.2381128631532
23.1933941505849 34.515566136688
7.04643370583653 3.72829648666083
27.2580718342215 12.7862848062068
10.1543546002358 17.6954021770507
3.55261703953147 1.48680443875492
29.2040385864675 28.5711960680783
13.1134493928403 5.69493900053203
28.6370432656258 13.3368405327201
