0.0780247221351227
0.0769867740702575
0.0756651694346326
0.0848402811602504
0.118738914465062
0.145804829076191
0.14517741295804
0.138914869948098
0.134391233471085
0.12750951469518
0.106111542524627
0.0886606992433542
0.0750944746517161
0.0709722036975895
0.0784414155169302
0.0658735698733561
0.0689921443780292
0.0752881531885077
0.0763438498792358
0.0772315865999626
0.0798601627415054
0.0817368785377888
0.0852312260100322
0.0832493520772316
0.0808882372598433
0.0803099920411331
0.0794877954603631
0.0787782163032545
0.0783243699559826
0.0783036745769174
0.078298214349825
0.07829760940743
0.0782967783228142
0.0782945583530624
0.0782912617346367
0.0782968952258154
0.0782984914602569
0.0782986039969609
0.0782986046086765
0.0782986046093924
0.0778700186576683
0.0767586317775313
0.0766762864937824
0.113683909018917
0.145026923650355
0.146468720571495
0.134293471868455
0.12664115056012
0.111460868100902
0.107264778058961
0.0965989728625918
0.0719424547476332
0.0653175892301013
0.0775615810400118
0.106902495264502
0.0799903360132777
0.0607859389261885
0.0661279894661579
0.0673297599654081
0.0762697942308323
0.0860111800112698
0.095913090237914
0.10090350669078
0.0973871457744792
0.0945572894736571
0.092017817148364
0.0853839483590635
0.0797093965195995
0.0786434374111149
0.0782786093776576
0.0782895927062041
0.078286444910685
0.0782434910944939
0.0782247778510712
0.0781940445460126
0.0782760370986304
0.0782979817903775
0.0782986039877683
0.0782986046093682
0.0782986046093934
0.0758986614780972
0.0748537214214046
0.0848764725562127
0.135462473586285
0.140285224995505
0.114099902767543
0.101259504461885
0.100236703502008
0.0889547218591225
0.0733774100611794
0.0587677966054673
0.0489725951341326
0.0506949592892976
0.0753827940530229
0.109625286302837
0.101716651180821
0.0742963050689886
0.0480985228637437
0.0520991348125419
0.0755500072206217
0.105854055993203
0.129954917235139
0.121803128295018
0.134083695956276
0.142561769113038
0.13158842437717
0.105563606651934
0.086087366812455
0.0779714607599763
0.077758759445138
0.0778758223533548
0.07783561580155
0.0776803804626029
0.077471825652961
0.0769644063387648
0.0780878815514751
0.0782957607086176
0.0782986013188151
0.0782986045926195
0.0782986046090582
0.0740268812325327
0.0822046830755887
0.103710130074796
0.144235894152683
0.120149653272558
0.0959711010936381
0.0937252126030735
0.0922419597871254
0.0810811943345549
0.0641780138423505
0.0550599425258837
0.0570200432513528
0.0673618934619688
0.0835300824177466
0.118598982484461
0.10462027187963
0.0708076957182453
0.0317192171119499
0.0319132333481146
0.0778206540168448
0.163034245120294
0.188671727653635
0.145540546456891
0.14986253315723
0.178993118744016
0.169299369725517
0.125475719166977
0.0780166076367358
0.0731179477218255
0.0710299642111104
0.0698659955483084
0.070802674740377
0.071390982811412
0.0712645149799637
0.0671357788172535
0.0766319547143654
0.0782868730924149
0.0782981844238426
0.078298601580451
0.0782986046093343
0.0754794165054403
0.100283277951527
0.134728578315179
0.135463827150573
0.108044231010663
0.101715047989326
0.0968977067907712
0.102191402178507
0.092072789570509
0.0847378094439326
0.087482778069394
0.0905339491753497
0.13641599399679
0.150858644292821
0.202144626486217
0.163091006547256
0.0844549207519878
0.0196459920230156
0.0259913138406013
0.0648534903334915
0.22003998740653
0.218735495083944
0.134234456303194
0.13711984290941
0.182818662910432
0.158485955291087
0.108746012420868
0.0616476657675599
0.0510822180498377
0.0537409992691779
0.041645099812548
0.0390504216257906
0.0393264266242357
0.0361904991837919
0.0404872927412321
0.0672878367630804
0.0772760628095999
0.0783053282485893
0.07829986673336
0.0782986051307219
0.0803279618424618
0.10950071210916
0.140376326779341
0.128471483551436
0.114359923006273
0.113355176661985
0.106423572956506
0.0884022170259428
0.0838102884496687
0.0897632210974639
0.101426391461789
0.105870171828007
0.145459168413048
0.199804934709073
0.231994034096597
0.265838527293581
0.122707008426269
0.126045574421076
0.26830451825535
0.0942401350636692
0.254659719966559
0.205405379828532
0.111716345020384
0.0975998273580985
0.195683829006118
0.143329032977496
0.0875845328870277
0.0409640570873592
0.0366371229109097
0.0422760914960437
0.0178432127059375
0.0160263469523472
0.0133929540113765
0.0242133167551738
0.0270837892194559
0.0622042309711226
0.081399911009496
0.0805451712240863
0.0783118762379192
0.0782986307370731
0.0924200379932042
0.141463842428684
0.159119844451264
0.164679514718259
0.158704565502268
0.183043411787683
0.133634849802747
0.0898603283461905
0.0661339308288571
0.0822067773990046
0.120980199243508
0.0752622471242718
0.0721428588485234
0.13084503193741
0.192223796819745
0.205980202133443
0.131494864256883
0.294235207619746
0.702104267638403
0.110964663796432
0.143848993308786
0.111471753313367
0.0828922586294614
0.0637089051466132
0.185157191451828
0.229358981518689
0.111981790459253
0.0406384680455276
0.0318780428495279
0.0352357877607818
0.0185749324471847
0.009422305998914
0.0157724385481366
0.0663606736684959
0.109317864902777
0.131970849762636
0.145725017717749
0.0920333561857474
0.0785323560680155
0.0783000185159836
0.0900472364925126
0.163974801967465
0.208725083578531
0.200079486568522
0.204113451126212
0.228902654976689
0.143653457119175
0.0879007083130118
0.054319866166595
0.0545521913849305
0.0633086646296159
0.0349926669076643
0.0328676454898459
0.0601193975924155
0.0767408737439816
0.0922060600827233
0.0714478374789951
0.176281781108082
0.156294525130535
0.0434004807584998
0.127192407129462
0.09018397247797
0.0776537584604237
0.0406239782035531
0.0772758953733543
0.442679424030186
0.31668099439151
0.0269381610165605
0.0253679231977165
0.0124393564369705
0.013578000822498
0.0272521591466341
0.0548452483530799
0.158296160601661
0.154828856932612
0.158796893392713
0.148623918116213
0.117414045954527
0.0796859854498734
0.0783121690260763
0.106174232048772
0.175232342071884
0.242448282601817
0.185291316143863
0.172337798847454
0.184610683118158
0.119113144403254
0.1045902040932
0.0661993014825511
0.0319729273580194
0.0270682886517505
0.0186826138810691
0.0107600817818018
0.0165999550055193
0.0240586022031176
0.0252468021265092
0.0361053624954202
0.121954088384799
0.125917786601759
0.0307181911544714
0.046703597612092
0.0416132130882591
0.0412839179461291
0.0209494266299967
0.0205109017566148
0.127248109510991
0.416517304701715
0.0168899632549101
0.0166879127482001
0.0121625777893673
0.0491807661916811
0.10071173553291
0.0915691438752481
0.0936941176672056
0.132885860967512
0.129024167018621
0.118543614478817
0.102290031303053
0.081206040524733
0.0783696545167079
0.119701101323183
0.19814378457665
0.250229519426371
0.175972557640021
0.148778760081933
0.146746506193767
0.161750578288353
0.122822978504959
0.0699054419528277
0.0233470561773328
0.0101957875475003
0.00319377685454774
0.00126184399058603
0.00191109323264033
0.00461909338345871
0.0112038444909077
0.0492310169875885
0.242575724581739
0.158771288888951
0.0179158330712692
0.0170165322655431
0.0152701698947747
0.0296129228136128
0.0660681590836185
0.0263563169909529
0.0156872165385113
0.0205289613435993
0.0169265769999178
0.0197212761512221
0.0150909910860341
0.102315029085134
0.174043019249281
0.119609524815863
0.0999677109049411
0.0835308722712378
0.0691263195060093
0.0693089996694842
0.0827642472028315
0.0784804911613599
0.0782728010561911
0.117337872471844
0.184849537218258
0.234650653381528
0.180099489204912
0.195085169342945
0.406534903705911
0.346659966406723
0.139075925083135
0.0350323334973963
0.0127372466944548
0.00440317208752611
0.00121007226890229
0.00110789146815167
0.00201694808568606
0.00277031227781049
0.0127453677229669
0.0707015895953722
0.177726603508737
0.0294109621608569
0.0289826173390888
0.0205044168681488
0.0119435963144178
0.0499938622598377
0.302385135983594
0.233987793618457
0.0288720648597872
0.0415701387797894
0.0619172968483163
0.0547599298343599
0.0238007722863973
0.0428833973221607
0.104167932791252
0.0738515696580299
0.0597294946060494
0.0502814507351781
0.0396669262013275
0.0476746263817994
0.0713015936928496
0.0776291078530952
0.0782408451148459
0.117568035992483
0.163887877156583
0.193021420786789
0.153890303263852
0.14547288076637
0.472388161075698
0.163281525745299
0.0396530389292992
0.00996214244973235
0.00384376576779225
0.00182513217634685
0.00292001877381121
0.0138146192463521
0.0230132458212675
0.0246579011641312
0.0211145779890893
0.0120410922812848
0.0125917088383146
0.0808071680032741
0.173909831215449
0.0988149196899335
0.0162738484433458
0.042419808623555
0.163220534225688
0.0973145533170972
0.0224012398557391
0.0758143660243472
0.131125260731408
0.14111176612688
0.0506301755496531
0.0163977278736544
0.0113269450645441
0.0103201797710193
0.013142917690932
0.0150750869342492
0.0194483785214236
0.0402442657910254
0.064034142403747
0.0761979772703545
0.0781289993209625
0.0974205508172536
0.129248603745001
0.133480557436495
0.103580244727471
0.0476088032476858
0.0638746623581996
0.0207765753331513
0.00280434904577145
0.00201743535296492
0.00298166704805785
0.00451647211140545
0.0167928408421398
0.083018409258697
0.0846356737851751
0.0957598377531436
0.0725174855845312
0.0114381770855056
0.0147888889784709
0.103162665577232
0.230661157321108
0.147007041627601
0.0172359033190701
0.00814139759032434
0.0185004502845863
0.0110368172765863
0.0108697628348406
0.0507518567707712
0.140693950718258
0.206250202662862
0.0614100314968631
0.0143858527040906
0.0087652867254866
0.00901275582812568
0.0112439026339136
0.010363237749142
0.0185678343746897
0.0383034509661706
0.0645548747659833
0.0750816125205115
0.0778268515365096
0.0767747631310864
0.0765710929371625
0.0625709552520596
0.0405210865442206
0.011402360553404
0.00709836367586177
0.0102164161408552
0.00479528061981493
0.0039400276784136
0.0318339898060735
0.0579203812305883
0.0557069482368141
0.195822821607443
0.23956286893712
0.454495299683447
0.23631488430333
0.176458392041003
0.0606466880136766
0.0672456422226258
0.0669646702600387
0.0437802510227584
0.00602384745752628
0.00210830038640681
0.00487089928427427
0.00472068246998025
0.0109851302161528
0.0783921393437864
0.236023338118431
0.191781207450357
0.0603676810220513
0.0258011126580123
0.0248280068604936
0.0135532617598189
0.0205922229177255
0.0107873214484116
0.0182004485760382
0.0469705195038863
0.0653919543900442
0.0757967714541267
0.0779267275972783
0.0623241008400643
0.0475006070358643
0.0322178748468684
0.0142208995339898
0.020225717437354
0.132199599813379
0.211588097629181
0.0732149068102868
0.0331982678185676
0.152529350350916
0.27573638123804
0.102064818357192
0.163303143828307
0.236569630495768
0.446503132874174
0.26752970990157
0.202707577827666
0.0870346982490706
0.101883370498292
0.0556283936591795
0.00770084346933785
0.00192246495949713
0.0136442171613165
0.0855462185649012
0.0479513933229316
0.0340040477451754
0.131347801071968
0.288849088076431
0.238513086299287
0.0538122366036851
0.0198230655333664
0.0321269111308199
0.0157804741191469
0.0173351258352628
0.0100299589848088
0.0186114057165902
0.0401855695851933
0.0681780071988764
0.076800283772649
0.0781787768539061
0.0640420220183067
0.0422448021011733
0.0235526822045082
0.0155082622600769
0.0446797001320169
0.205558606774302
0.213189679215338
0.139993675554202
0.0695221889645207
0.112814949849998
0.308667483063078
0.207793234663718
0.136706981451561
0.137486948991333
0.239111896138209
0.236066507159153
0.152236094728635
0.10492570466084
0.122883087412487
0.0757712056888261
0.00706062799809804
0.00539426328949459
0.038995835675499
0.19980986411745
0.355303814255047
0.14986462468068
0.201066663892794
0.158934407553502
0.137280703460126
0.0579543697277269
0.038851608633022
0.0353841436150349
0.0171303555970523
0.0148283764593628
0.0164144803628422
0.0255683679067802
0.0506778966790674
0.0746638974493001
0.0781240713417233
0.0782805997382762
0.0627519875108297
0.0430422146662453
0.0275490326564005
0.0205548297867006
0.0231275427882477
0.0531257495096656
0.138342344225584
0.140822744618056
0.127892960648187
0.102976444322603
0.175164699546362
0.164969339075588
0.130146544668422
0.137905155115568
0.195722592042851
0.287804973749162
0.148128736236998
0.0748175526512447
0.0921774769655232
0.0372542337284187
0.00526476391509142
0.00588866129181297
0.0354600224261848
0.0993413148895088
0.195495310533899
0.170021116699296
0.203626909904493
0.0336446084709131
0.0516411330402234
0.051701737341301
0.0185371597986995
0.0226166543982384
0.0135881748593713
0.070077560854394
0.183040784935755
0.134127992701541
0.0616012956135752
0.0768362724508933
0.078284857019849
0.0782983259160646
0.0690673807294517
0.0575984413860335
0.0387587001739264
0.0521980061886958
0.0352144340848219
0.0295557400771771
0.062351179714615
0.14547563500502
0.15567021252227
0.156860305327246
0.140051204383328
0.105593515832472
0.195758281884449
0.220770023020525
0.198531682064957
0.254200106481817
0.122981115921509
0.0266789543299758
0.0254436132254024
0.0182883469494913
0.00490988786091132
0.00159801029857252
0.00450216449863014
0.0221610259914192
0.0327722315212733
0.0771047110545366
0.0811414610527294
0.0261487237178963
0.0368889343755685
0.0363317117073262
0.0286896128551762
0.0676911249222501
0.0211099968696618
0.0873382406328749
0.322076570275618
0.216366648472734
0.0665753303379125
0.0766841583556215
0.0782926454043012
0.0782986042690168
0.0758154055843967
0.0659264865155803
0.0664608443199114
0.103354198866064
0.0665777188509669
0.0329808114349003
0.0352852697633917
0.0745416095770292
0.160911675812715
0.200473907721081
0.139598431583225
0.085645659517559
0.197321171907244
0.224350797523434
0.130347344764789
0.120501828807503
0.0638292246864263
0.0606626383733734
0.0654493568325266
0.0327190485781142
0.010750113582392
0.00230479446459156
0.00352547330557513
0.00525921452265679
0.00850069744017752
0.0179496829736548
0.0188287507240825
0.0150023059804211
0.0241328266842877
0.0245987479493035
0.164894200326461
0.580829768456827
0.113348194196553
0.0163171304360578
0.0305498007377525
0.034064259269833
0.0666723478889501
0.0779730937859923
0.0782974997929534
0.0782986044822267
0.0774539888653624
0.0713995215704007
0.059209219232184
0.0817301059182712
0.0848105227237649
0.0449137537841139
0.0433226593744203
0.0309228793645946
0.0775660287963961
0.11050270205102
0.0981941296347145
0.0914672202670863
0.200375717842873
0.13526449281322
0.0474398609459274
0.0296864893604433
0.042567074837298
0.260004687036266
0.218909636904455
0.132579023725167
0.0421761027917277
0.00692439338167187
0.00773022217961875
0.006384135956952
0.00513265563243256
0.0109174480780783
0.0154012221731698
0.0203929313496222
0.0361994371657121
0.0401989956127453
0.0713039086027517
0.0865294927315641
0.0189893125307141
0.00584651708190438
0.00581295582199676
0.0208099588889078
0.059279689428365
0.0779629322129311
0.0782984532951542
0.0782986046068792
0.077528026158337
0.0718212588905202
0.053591988439224
0.0575994078891148
0.0951342219098658
0.10894704699554
0.056178644726995
0.036030304899422
0.0193800646428634
0.0259274869985953
0.0279356758999114
0.0894512736865174
0.305580704991606
0.17915130823744
0.0211126272116806
0.00359505009421814
0.0486136488829791
0.197606389089699
0.290048352086714
0.209152606215531
0.0587363026714168
0.0088406234433906
0.00684268086338807
0.00627603338933309
0.0051794226198141
0.00631121768160134
0.00945293506388655
0.0262775511717777
0.0920253987839338
0.197103847377902
0.191342090943239
0.0535913363092123
0.0116940495284456
0.00456102493938242
0.00468579495215791
0.0121051301787448
0.0497230939989035
0.0770381684067548
0.0782959019620367
0.0782986029836138
0.0777260262839157
0.074016333262139
0.0557955489240138
0.0493017249094984
0.156139407645102
0.373207601454923
0.129886088708614
0.140261177500261
0.0795004678277779
0.0184173524150341
0.00597796279832558
0.0206090231612057
0.0698102766977544
0.0542372986912706
0.0116166254544539
0.0005871499599438
0.00554185834303491
0.0540510044878344
0.102696001723554
0.0894809942947041
0.0237417429565438
0.00496662693592037
0.00533201676362187
0.00493079084926505
0.00578865341919152
0.00797178892624744
0.0125498383937353
0.0922705994394146
0.257504469434334
0.271046781956695
0.159087759863243
0.0412947753881331
0.01306376376552
0.00638878431190361
0.00403745839846641
0.0101231382989349
0.0460044160533328
0.0763578547865419
0.0782947659619694
0.0782986045337826
0.0774690782838705
0.0740189122219931
0.0579268526208518
0.0380392521348482
0.0947798917767448
0.146647710278178
0.152225741572916
0.342753285793199
0.244512788625921
0.0578955523335322
0.0131711360826821
0.00460139898670063
0.00902802587941999
0.00348485658476102
0.000514056302405466
0.000549761254774759
0.00135735261655196
0.008088263147187
0.0361912698730137
0.022764419588143
0.0101672602272644
0.00585348721266146
0.00592797825371065
0.00804662705918293
0.0188757493683776
0.0181695181405487
0.0204725285694707
0.106086186420241
0.20703367468696
0.142378873599722
0.0655008246797767
0.0358436630556581
0.0601940283616574
0.0267302292410926
0.0053475031786845
0.0204629997220943
0.0683941964480057
0.0782152425483694
0.0782984603473731
0.0782986046093418
0.0779940911534957
0.0767867903725059
0.0665916708083302
0.0463358913351331
0.0275035948994652
0.0305125713531193
0.0970450625590932
0.185133791680647
0.133328407464867
0.0626193207361936
0.0285504244199983
0.00850504680525473
0.000666590791013736
0.000298206088639623
0.000469747944847262
0.000623412940265052
0.00115574929582503
0.00238058375700178
0.0064946952158522
0.00969645791264094
0.0174604845461183
0.00997684212143905
0.0086246042020534
0.0112500410521885
0.0273374073767013
0.018226938093577
0.0599440691855621
0.120991613829077
0.108562223431643
0.0475449423065952
0.0207781132586305
0.10485687974246
0.368405330667624
0.145898178240218
0.0124661894164866
0.0313407901203122
0.0768207742769489
0.0782982711844374
0.0782986045206731
0.0782986046093935
0.0782681944473646
0.0777708260670324
0.0763147411575937
0.0625705701384883
0.0444339133899872
0.0546285100730404
0.28892767278662
0.32633515244362
0.133922152147412
0.0630426801519687
0.100467585032687
0.0161435680655014
0.00218518989418538
0.000771114032759629
0.00123113299610739
0.00208465477287059
0.00315160105042839
0.00559845248024913
0.0178034848769747
0.0209855435974622
0.0359480419043622
0.0196882883541038
0.0291041701513083
0.0279679314529064
0.0473884659430157
0.0321887360937938
0.119103894253328
0.208513905323606
0.143037712531013
0.0258659353332724
0.00939222926258095
0.0500373779975182
0.221667399559661
0.0525253065479513
0.0214235227480221
0.0361235513507829
0.0767054836410006
0.0782979665712361
0.0782986046012611
0.0782986046093938
0.0782744732265965
0.0780172871497352
0.0759550754678995
0.0660542575336373
0.0580153801923415
0.0730604624275204
0.181598225443335
0.231960207202719
0.111808445271548
0.0790625613738522
0.0889097706547075
0.0204357914349089
0.00625379830065134
0.00290517028924815
0.00280048905731623
0.00454150370953752
0.00643202522609008
0.0125731782000618
0.0140589087112653
0.0232356091487061
0.0248600056141226
0.0174250001019594
0.0373972511874741
0.0197126806650785
0.0288458040960375
0.0183190624204972
0.05738587031304
0.167500462509685
0.112564417298537
0.0376678168751851
0.0107382067060618
0.0128638664850206
0.0156249092486615
0.028151329475872
0.0186536105601872
0.0433869442407466
0.0769870168072483
0.0782976190694482
0.0782986044909063
0.0782986046093929
0.0782889360272037
0.0781350685011574
0.076998185464456
0.0721720626089028
0.0461159834539811
0.0686649057726553
0.0747047263081531
0.0741215609267065
0.0932493537635353
0.0656625411200493
0.0550281336610179
0.0302685800712638
0.01404205904651
0.013008619009574
0.00885144692639022
0.00958300831898289
0.0176137645326663
0.0166114867181634
0.0149833039915378
0.0204286223217943
0.0255871363186825
0.0211502193494761
0.0427541460699823
0.0359124705373573
0.0197207535158667
0.0191514986188952
0.027191505381279
0.0405683922302511
0.0476759092478417
0.0549390512851918
0.0246024650336165
0.0212877008546221
0.0320453368034911
0.0579410785823473
0.0300657322589978
0.0585735476824769
0.0778420532225422
0.0782970897206357
0.0782986045120438
0.0782986046093938
0.0782899722486582
0.0782053436540855
0.0772612693751211
0.0693792051996121
0.0425793241576725
0.0355811161838566
0.0644187856657166
0.0774600634653005
0.0621727767541462
0.0250810045912192
0.0420002276002618
0.0345107390274404
0.0167045366830569
0.0198394519563115
0.0158913716911236
0.0268544671355587
0.0159336843914201
0.015078554028258
0.0148482372630456
0.0272020397619075
0.0348823129131319
0.0191592737239328
0.0426395440479042
0.0187503548328644
0.020086765708272
0.0163016132735113
0.0238575423052662
0.0186698276202934
0.0538732398546654
0.051663591664393
0.0189594873005004
0.0235402074706228
0.173252884817585
0.843597577501968
0.0219210802420999
0.0627606618248497
0.0781515234081363
0.0782984753542821
0.0782986046078328
0.0782986046093938
0.0782975342575101
0.07829202303976
0.0781858401519969
0.0770423185422041
0.0679683131174826
0.0425938121154721
0.0544020963681922
0.0720250222375711
0.0575420852803404
0.0504842889554779
0.0680958943758713
0.0555542823865172
0.0420245485043608
0.0495310166792552
0.0420097474925153
0.068052926105302
0.0547644654558986
0.0349955016625003
0.0340364934859338
0.0444471400356926
0.0587842760592007
0.0436420001206613
0.0563675675422123
0.0424806793620737
0.0398975587154392
0.0292143726572429
0.0371981899723287
0.0461785894833545
0.074135997752999
0.0684667457744808
0.0518013858451085
0.0647024840361712
0.0585533349909424
0.0747043703465047
0.0645236975716258
0.0771719801477369
0.0782871312053915
0.0782986026765956
0.0782986046092237
0.0782986046093938
0.0782985964028594
0.078298244139995
0.0782917156752713
0.0782758457435324
0.0749641578736038
0.0533370345341707
0.0653291785326948
0.0598065167674665
0.0716495470986697
0.0600025718776507
0.0771090154704331
0.0701305469681927
0.05303068111629
0.0647069872698044
0.0484452711818764
0.0609237958718735
0.0651389777583974
0.0647395141907637
0.0400844006565799
0.0557848857250752
0.0752482961328558
0.0623882604920314
0.0723341494074402
0.0515455074280385
0.0426066223509101
0.0322229865865375
0.0394141053550573
0.0423043593565093
0.0744214992869835
0.0759622447046971
0.0599263069338852
0.0730354848056421
0.0727876642181621
0.0839259967025344
0.217664224614441
0.0961269639248312
0.0783036206044645
0.0782986046036606
0.0782986046093937
0.0782986046093938
0.0782985747790668
0.0782968575665979
0.0782580692874777
0.0772504648207446
0.058558164996282
0.0207447302371637
0.0493420998492108
0.0207738474786043
0.0413206578428005
0.0207875848903238
0.0630783187488133
0.0655654130360441
0.0208507948232719
0.0565280164955614
0.0207783176264689
0.040298164951741
0.0207280230844113
0.0424765577110954
0.0206932031477624
0.0457908277934048
0.0646941206298239
0.0207653352098488
0.0448644605150265
0.0202052175784222
0.0349259399009724
0.0184256102635445
0.0314959893513429
0.0204055997658428
0.0580346315925093
0.0634502269751764
0.0209086912234222
0.0604271574383623
0.0209149505509263
0.148552551473111
0.514887602746541
0.181306394442233
0.0783822798374115
0.0782986047321725
0.0782986046093938
0.0782986046093938
0.0782985446702304
0.0782960087143509
0.0782526133638673
0.0775043001100308
0.0579759466187221
0.0390504767891255
0.0573497849031657
0.0594391465600301
0.0559053326301115
0.051044791211609
0.0696642636089137
0.0711929146681207
0.0456815234219998
0.0710641341710785
0.0670943104904758
0.0779440086730542
0.0696015992692321
0.0745468276903849
0.0401222187973323
0.0605284561593205
0.0760341363595979
0.137939018814813
0.0623178658722394
0.0309769465283406
0.037041936200072
0.020395340242751
0.0348227505870592
0.040751876259406
0.0721287185945744
0.0646453660521298
0.0584111992264901
0.0725980447634935
0.0702450154852251
0.0831927307199799
0.188249782566983
0.0895194296179848
0.0783000518572602
0.0782986046101028
0.0782986046093938
0.0782986046093938
0.0782985844751462
0.0782980250050018
0.07827416522407
0.0768816020953792
0.0488557044668024
0.0198827381413705
0.0362623969236311
0.0202975628063036
0.0379349290151592
0.0201409709200119
0.0586717161972718
0.0546838879110563
0.0200469697034817
0.0629567458435718
0.0209124353335817
0.0776732358476676
0.0209152670444402
0.0711357868751193
0.0208043207231049
0.0643117115752075
0.165916145431372
0.614889996521493
0.125044214078364
0.0193174122056291
0.0276466722232073
0.018319374335335
0.0358647818314626
0.0205080246115226
0.0657656366173271
0.0582470717122872
0.020892633994087
0.0573409504086335
0.0208987770132287
0.0741769482055816
0.0209336582177423
0.0695099515683643
0.078283983092811
0.0782986045864611
0.0782986046093938
0.0782986046093938
0.0782985764402419
0.0782948470171165
0.078233593039864
0.0763928511738482
0.0483286111056054
0.0275294507204507
0.0420444673828437
0.0322659365081926
0.0373917440630105
0.0280636228061736
0.05131624663986
0.052750016893956
0.0263284349175404
0.0490463441518827
0.0567317177695233
0.0776599192770175
0.0752888256464718
0.0776799864708963
0.0608802726279114
0.0748376154920391
0.0697574921303105
0.102757140132789
0.127080563774963
0.0482332224088233
0.0573677611236688
0.0378674564660878
0.0528703465293714
0.043230147201496
0.0680159557379836
0.0752636994211524
0.0540885369882048
0.0652256495224158
0.0543715557121764
0.0738024663583841
0.0684331137569952
0.0779691249944102
0.0782926418783675
0.0782986041848743
0.0782986046093656
0.0782986046093938
0.0782984896081175
0.0782882327095444
0.0781101387914057
0.076034555760012
0.0523860718919534
0.0200739828458644
0.0397006861122039
0.0189331679898465
0.0215783661544072
0.0186397296200827
0.0320681004409006
0.032697301878869
0.019025828700228
0.0250973591812065
0.0199466058210706
0.0687987958901717
0.0209153561083949
0.0736372515032884
0.0209130176038652
0.0690707387962031
0.0492566919036613
0.0851156020216686
0.805430565212743
0.0853098478844787
0.0573549428508159
0.0206794794613806
0.0451256289352352
0.0207790030637625
0.0643917423709027
0.0699515233191332
0.0208903540126894
0.0536608446571475
0.0208907859856346
0.0659800211044246
0.0209146932049716
0.0630723796401141
0.0782361734807476
0.0782986017996361
0.078298604609299
0.0782986046093937
0.0782985837161599
0.0782960248389355
0.0782754282761453
0.077486338810762
0.0616584718355919
0.0482113093599571
0.0667101811036203
0.0574191175972929
0.0449295748345609
0.0372475744058491
0.0446740848322018
0.0412275112843709
0.0327721024025638
0.0465039359023757
0.0601500177916229
0.0779489512806062
0.0776557267140314
0.0782311794411404
0.0722087155115154
0.0752281117484297
0.0535846022952085
0.0546906391093502
0.0782696658827451
0.0743530000517421
0.0771485383647315
0.0688903026589687
0.0738444147772426
0.0604131151073321
0.0767160139518075
0.077418188596157
0.0675010405946791
0.0758842943458459
0.0667981410776007
0.0772417320766277
0.0659622497525535
0.0773277282922624
0.0782980767308437
0.0782986045948165
0.0782986046093937
0.0782986046093938
0.0782986037514186
0.0782984748890249
0.0782749512943528
0.0777576147374721
0.0770697085881369
0.076366164086398
0.0782095467351087
0.0780801192699529
0.0750936521882762
0.0710877480567216
0.0710360158895078
0.0714333792862666
0.0659814297547717
0.0766124318098961
0.0782214920125162
0.078298592331561
0.0782986045651021
0.0782986039411092
0.0782672296029953
0.0772662851838149
0.0761170980150904
0.0782343393060926
0.0782985052148201
0.0782985916866329
0.0782985978692104
0.078295236569543
0.0782928287745559
0.0780765701989149
0.0782907917571117
0.0782985468515227
0.078271714307569
0.0782983327416602
0.0782835318799705
0.0782982182898631
0.0782551483500789
0.0782958267639586
0.0782986043434502
0.0782986046093933
0.0782986046093938
0.0782986046093938
0.0782986045797617
0.0782985744949639
0.0782967207867797
0.0782843977904892
0.0782847846507647
0.0782891374838859
0.0782982462043541
0.0782922334971688
0.0782396347408268
0.0781958066979923
0.0780808704895889
0.0780829325074211
0.0777685355060874
0.0782683010918578
0.0782985835775882
0.0782986046087236
0.0782986046093938
0.0782986045537505
0.0782964683530726
0.0782795300054589
0.0782936665592887
0.0782985918087703
0.0782986046093915
0.0782986046093938
0.078298604609207
0.0782986044897458
0.0782986044997922
0.0782985935261196
0.078298604415315
0.0782986046070566
0.0782986034555928
0.0782986046051501
0.0782986038933674
0.0782986043698277
0.0782985724029708
0.0782986033088482
0.0782986046037492
0.0782986046093937
0.0782986046093938
0.0782986046093938
0.0782986046087998
0.0782986038172731
0.0782985988046883
0.0782984640812158
0.0782985951679958
0.0782985962323134
0.078298604472
0.0782986014344302
0.0782984922567484
0.0782983568389224
0.0782974679989011
0.0782955803288366
0.0782925039479835
0.0782984419164667
0.0782986040321592
0.0782986046093741
0.0782986046093937
0.0782986045765002
0.0782985995800932
0.0782985480890895
0.0782986045075242
0.0782986046093691
0.0782986046093938
0.0782986046093938
0.0782986046093938
0.0782986046093936
0.0782986046093938
0.0782986046093933
0.0782986046093937
0.0782986046093938
0.0782986046093912
0.0782986046093937
0.0782986046093924
0.0782986046092851
0.0782986045773218
0.0782986046061393
0.0782986046093741
0.0782986046093938
0.0782986046093938
0.0782986046093938
0.0782986046093853
0.078298604608183
0.0782986045638309
0.0782986036212962
0.0782986044715637
0.0782986046029578
0.0782986046090989
0.078298604609224
0.078298604547199
0.078298603979518
0.0782985997683063
0.0782985859263793
0.0782985817471873
0.0782986042411316
0.0782986046073534
0.0782986046093879
0.0782986046093937
0.078298604609374
0.0782986046074098
0.0782986045970372
0.0782986046093678
0.0782986046093938
0.0782986046093938
0.0782986046093938
0.0782986046093938
0.0782986046093938
0.0782986046093938
0.0782986046093938
0.0782986046093938
0.0782986046093938
0.0782986046093938
0.0782986046093938
0.0782986046093938
0.0782986046093937
0.0782986046093844
0.0782986046093915
0.0782986046093933
0.0782986046093938
0.0782986046093938
0.0782986046093938
