6.48162761703133 24.2535318434238
14.1032452601939 15.3065455146134
38.0957188270986 9.96033486910164
10.8757483959198 19.7274777013808
31.8684851098806 21.1424191761762
26.0918294452131 8.36874477565289
14.8445528838784 15.9445654135197
24.5187039300799 5.44775544665754
29.1859883349389 23.2016076426953
5.87424614466727 21.339458161965
23.122797710821 2.37218068912625
32.2065843362361 18.4756102692336
2.77434714138508 0.722109908238058
22.6173340622336 33.8687285222113
32.0862992573529 27.1939424611628
24.4316788204014 30.2784841414541
33.5771724116057 33.3325868751854
3.48441737703979 9.31201102212071
12.0349762868136 32.935023214668
31.0032026376575 9.5232508238405
6.59084017388522 29.0130628738552
33.8229023106396 27.5977110862732
31.1149211134762 22.7791284583509
36.1203744355589 18.7145188171417
30.5342265311629 3.83472277782857
26.2316278461367 35.3046964574605
8.29377883113921 34.5377559028566
22.8351732064039 33.8854289241135
3.72960888780653 25.8028580155224
30.4735080339015 37.8971303254366
7.82839060761034 10.2487565856427
27.4996233731508 31.1320072505623
6.36929421685636 24.6359741780907
39.3014123477042 37.3023304436356
10.6296216789633 14.3947184644639
26.5535749774426 31.3534774817526
22.4218159727752 35.2719486318529
23.8271845784038 14.2612878419459
5.38618702441454 4.32740871794521
27.9859008640051 25.507251964882
27.8187339566648 5.59461063705385
2.61251292191446 1.27541538327933
0.89082321152091 23.6867412086576
6.28431220538914 16.4435508381575
29.7974650375545 2.52151203341782
38.9164122473449 13.7656892742962
0.804577767848968 24.6924223285168
13.6242388468236 30.1494729612023
30.5509421415627 31.4084445498884
38.4613291826099 18.8755290769041
25.2620972506702 36.2810960505158
31.2831189110875 17.2325717285275
15.1567568909377 38.8853222969919
7.8809558134526 25.287325270474
37.8901334386319 29.848497249186
25.8479534555227 0.629122667014603
13.7375803105533 14.5555598009378
38.8109291251749 9.57523399963975
34.4976469688117 17.2271883767098
6.21973199769855 26.3984168507159
12.062997603789 18.6893041711301
25.2452594786882 35.6007889658213
7.46385271660984 22.6280522346497
29.9454008601606 27.3256324231625
2.90051610209048 31.949991453439
0.183194996789097 2.95838407240808
10.7152550667524 6.938236951828
17.1934737917036 20.0305809173733
39.9463928397745 6.67942939326167
23.9287294168025 9.96408260427415
37.3857830837369 27.1411730069667
6.82625440880656 2.3209217749536
17.4357752501965 32.7711819577962
19.0548276714981 12.5124435033649
26.2394616194069 11.0281207505614
29.1304934956133 28.4763532038778
34.2051036469638 29.7436876222491
19.5854142587632 10.3634790331125
20.0593391805887 32.6857195608318
6.33221438154578 24.3295403476804
34.8344890400767 33.0641331709921
39.2356752045453 7.78693537227809
1.00687473081052 8.56956272386014
13.3228558395058 17.6182613242418
14.4048560410738 2.46145498938859
25.7838465552777 3.98080107755959
37.838393682614 9.51641070656478
17.5710238516331 39.415050689131
1.07465708628297 20.2381128631532
1.35614116676152 6.58136681653559
23.1933941505849 34.515566136688
4.59143622778356 32.4647759646177
27.2580718342215 12.7862848062068
10.1543546002358 17.6954021770507
29.2040385864675 28.5711960680783
28.6370432656258 13.3368405327201
35.497824177146 34.0032043773681
17.8377481643111 25.9181624185294
14.4020713493228 7.11935099214315
16.410443149507 26.1277238838375
